Size: 3
Random iterations: 10
Randomising: 10 iterations
| 1| 2| 3|
| 4| 5| 6|
| 7| 0| 8|

| 1| 2| 3|
| 4| 5| 6|
| 0| 7| 8|

| 1| 2| 3|
| 0| 5| 6|
| 4| 7| 8|

| 1| 2| 3|
| 5| 0| 6|
| 4| 7| 8|

| 1| 2| 3|
| 5| 7| 6|
| 4| 0| 8|

| 1| 2| 3|
| 5| 7| 6|
| 0| 4| 8|

| 1| 2| 3|
| 0| 7| 6|
| 5| 4| 8|

| 1| 2| 3|
| 7| 0| 6|
| 5| 4| 8|

| 1| 2| 3|
| 7| 6| 0|
| 5| 4| 8|

| 1| 2| 0|
| 7| 6| 3|
| 5| 4| 8|

Tiles out of place: 7
Isolated moves from goal state: 29
1
2
3
4
5
6
7
8
Found it after 8 moves
Total children added to open list: 362

Start state
| 1| 2| 0|
| 7| 6| 3|
| 5| 4| 8|

--------------
| 1| 2| 3|
| 7| 6| 0|
| 5| 4| 8|

| 1| 2| 3|
| 7| 0| 6|
| 5| 4| 8|

| 1| 2| 3|
| 7| 4| 6|
| 5| 0| 8|

| 1| 2| 3|
| 7| 4| 6|
| 0| 5| 8|

| 1| 2| 3|
| 0| 4| 6|
| 7| 5| 8|

| 1| 2| 3|
| 4| 0| 6|
| 7| 5| 8|

| 1| 2| 3|
| 4| 5| 6|
| 7| 0| 8|

| 1| 2| 3|
| 4| 5| 6|
| 7| 8| 0|

Did it in 8 moves.

