Size: 4
Random iterations: 10
Randomising: 10 iterations
| 1| 2| 3| 4|
| 5| 6| 7| 8|
| 9|10|11| 0|
|13|14|15|12|

| 1| 2| 3| 4|
| 5| 6| 7| 8|
| 9|10|11|12|
|13|14|15| 0|

| 1| 2| 3| 4|
| 5| 6| 7| 8|
| 9|10|11|12|
|13|14| 0|15|

| 1| 2| 3| 4|
| 5| 6| 7| 8|
| 9|10|11|12|
|13| 0|14|15|

| 1| 2| 3| 4|
| 5| 6| 7| 8|
| 9| 0|11|12|
|13|10|14|15|

| 1| 2| 3| 4|
| 5| 0| 7| 8|
| 9| 6|11|12|
|13|10|14|15|

| 1| 0| 3| 4|
| 5| 2| 7| 8|
| 9| 6|11|12|
|13|10|14|15|

| 0| 1| 3| 4|
| 5| 2| 7| 8|
| 9| 6|11|12|
|13|10|14|15|

| 5| 1| 3| 4|
| 0| 2| 7| 8|
| 9| 6|11|12|
|13|10|14|15|

| 5| 1| 3| 4|
| 9| 2| 7| 8|
| 0| 6|11|12|
|13|10|14|15|

Tiles out of place: 9
Isolated moves from goal state: 28
1
2
3
4
5
6
7
8
Found it after 8 moves
Total children added to open list: 2251

Start state
| 5| 1| 3| 4|
| 9| 2| 7| 8|
| 0| 6|11|12|
|13|10|14|15|

--------------
| 5| 1| 3| 4|
| 0| 2| 7| 8|
| 9| 6|11|12|
|13|10|14|15|

| 0| 1| 3| 4|
| 5| 2| 7| 8|
| 9| 6|11|12|
|13|10|14|15|

| 1| 0| 3| 4|
| 5| 2| 7| 8|
| 9| 6|11|12|
|13|10|14|15|

| 1| 2| 3| 4|
| 5| 0| 7| 8|
| 9| 6|11|12|
|13|10|14|15|

| 1| 2| 3| 4|
| 5| 6| 7| 8|
| 9| 0|11|12|
|13|10|14|15|

| 1| 2| 3| 4|
| 5| 6| 7| 8|
| 9|10|11|12|
|13| 0|14|15|

| 1| 2| 3| 4|
| 5| 6| 7| 8|
| 9|10|11|12|
|13|14| 0|15|

| 1| 2| 3| 4|
| 5| 6| 7| 8|
| 9|10|11|12|
|13|14|15| 0|

Did it in 8 moves.

